2022/10/23-22:51:02.846391 7f9cd2e010 RocksDB version: 6.20.3
2022/10/23-22:51:02.846656 7f9cd2e010 Git sha 8608d75d85f8e1b3b64b73a4fb6d19baec61ba5c
2022/10/23-22:51:02.846668 7f9cd2e010 Compile date 2021-05-05 20:35:30
2022/10/23-22:51:02.846994 7f9cd2e010 DB SUMMARY
2022/10/23-22:51:02.847006 7f9cd2e010 DB Session ID:  NUABZZB1WARCXIJH0DHI
2022/10/23-22:51:02.847273 7f9cd2e010 CURRENT file:  CURRENT
2022/10/23-22:51:02.847287 7f9cd2e010 IDENTITY file:  IDENTITY
2022/10/23-22:51:02.847302 7f9cd2e010 MANIFEST file:  MANIFEST-000004 size: 57 Bytes
2022/10/23-22:51:02.847307 7f9cd2e010 SST files in /cube/conf/.cubestore/data/metastore dir, Total Num: 0, files: 
2022/10/23-22:51:02.847312 7f9cd2e010 Write Ahead Log file in /cube/conf/.cubestore/data/metastore: 000005.log size: 22470 ; 
2022/10/23-22:51:02.847318 7f9cd2e010                         Options.error_if_exists: 0
2022/10/23-22:51:02.847322 7f9cd2e010                       Options.create_if_missing: 1
2022/10/23-22:51:02.847325 7f9cd2e010                         Options.paranoid_checks: 1
2022/10/23-22:51:02.847327 7f9cd2e010                               Options.track_and_verify_wals_in_manifest: 0
2022/10/23-22:51:02.847330 7f9cd2e010                                     Options.env: 0x5560ae3070
2022/10/23-22:51:02.847334 7f9cd2e010                                      Options.fs: Posix File System
2022/10/23-22:51:02.847336 7f9cd2e010                                Options.info_log: 0x5574c86c50
2022/10/23-22:51:02.847338 7f9cd2e010                Options.max_file_opening_threads: 16
2022/10/23-22:51:02.847343 7f9cd2e010                              Options.statistics: (nil)
2022/10/23-22:51:02.847346 7f9cd2e010                               Options.use_fsync: 0
2022/10/23-22:51:02.847349 7f9cd2e010                       Options.max_log_file_size: 0
2022/10/23-22:51:02.847352 7f9cd2e010                  Options.max_manifest_file_size: 1073741824
2022/10/23-22:51:02.847354 7f9cd2e010                   Options.log_file_time_to_roll: 0
2022/10/23-22:51:02.847357 7f9cd2e010                       Options.keep_log_file_num: 1000
2022/10/23-22:51:02.847360 7f9cd2e010                    Options.recycle_log_file_num: 0
2022/10/23-22:51:02.847363 7f9cd2e010                         Options.allow_fallocate: 1
2022/10/23-22:51:02.847365 7f9cd2e010                        Options.allow_mmap_reads: 0
2022/10/23-22:51:02.847367 7f9cd2e010                       Options.allow_mmap_writes: 0
2022/10/23-22:51:02.847370 7f9cd2e010                        Options.use_direct_reads: 0
2022/10/23-22:51:02.847372 7f9cd2e010                        Options.use_direct_io_for_flush_and_compaction: 0
2022/10/23-22:51:02.847375 7f9cd2e010          Options.create_missing_column_families: 0
2022/10/23-22:51:02.847377 7f9cd2e010                              Options.db_log_dir: 
2022/10/23-22:51:02.847379 7f9cd2e010                                 Options.wal_dir: /cube/conf/.cubestore/data/metastore
2022/10/23-22:51:02.847382 7f9cd2e010                Options.table_cache_numshardbits: 6
2022/10/23-22:51:02.847386 7f9cd2e010                         Options.WAL_ttl_seconds: 0
2022/10/23-22:51:02.847389 7f9cd2e010                       Options.WAL_size_limit_MB: 0
2022/10/23-22:51:02.847391 7f9cd2e010                        Options.max_write_batch_group_size_bytes: 1048576
2022/10/23-22:51:02.847393 7f9cd2e010             Options.manifest_preallocation_size: 4194304
2022/10/23-22:51:02.847395 7f9cd2e010                     Options.is_fd_close_on_exec: 1
2022/10/23-22:51:02.847398 7f9cd2e010                   Options.advise_random_on_open: 1
2022/10/23-22:51:02.847401 7f9cd2e010                    Options.db_write_buffer_size: 0
2022/10/23-22:51:02.847403 7f9cd2e010                    Options.write_buffer_manager: 0x5574c8d1b0
2022/10/23-22:51:02.847405 7f9cd2e010         Options.access_hint_on_compaction_start: 1
2022/10/23-22:51:02.847408 7f9cd2e010  Options.new_table_reader_for_compaction_inputs: 0
2022/10/23-22:51:02.847410 7f9cd2e010           Options.random_access_max_buffer_size: 1048576
2022/10/23-22:51:02.847413 7f9cd2e010                      Options.use_adaptive_mutex: 0
2022/10/23-22:51:02.847555 7f9cd2e010                            Options.rate_limiter: (nil)
2022/10/23-22:51:02.847569 7f9cd2e010     Options.sst_file_manager.rate_bytes_per_sec: 0
2022/10/23-22:51:02.847571 7f9cd2e010                       Options.wal_recovery_mode: 2
2022/10/23-22:51:02.847573 7f9cd2e010                  Options.enable_thread_tracking: 0
2022/10/23-22:51:02.847575 7f9cd2e010                  Options.enable_pipelined_write: 0
2022/10/23-22:51:02.847577 7f9cd2e010                  Options.unordered_write: 0
2022/10/23-22:51:02.847579 7f9cd2e010         Options.allow_concurrent_memtable_write: 1
2022/10/23-22:51:02.847581 7f9cd2e010      Options.enable_write_thread_adaptive_yield: 1
2022/10/23-22:51:02.847583 7f9cd2e010             Options.write_thread_max_yield_usec: 100
2022/10/23-22:51:02.847585 7f9cd2e010            Options.write_thread_slow_yield_usec: 3
2022/10/23-22:51:02.847587 7f9cd2e010                               Options.row_cache: None
2022/10/23-22:51:02.847589 7f9cd2e010                              Options.wal_filter: None
2022/10/23-22:51:02.847591 7f9cd2e010             Options.avoid_flush_during_recovery: 0
2022/10/23-22:51:02.847593 7f9cd2e010             Options.allow_ingest_behind: 0
2022/10/23-22:51:02.847595 7f9cd2e010             Options.preserve_deletes: 0
2022/10/23-22:51:02.847597 7f9cd2e010             Options.two_write_queues: 0
2022/10/23-22:51:02.847599 7f9cd2e010             Options.manual_wal_flush: 0
2022/10/23-22:51:02.847601 7f9cd2e010             Options.atomic_flush: 0
2022/10/23-22:51:02.847602 7f9cd2e010             Options.avoid_unnecessary_blocking_io: 0
2022/10/23-22:51:02.847604 7f9cd2e010                 Options.persist_stats_to_disk: 0
2022/10/23-22:51:02.847608 7f9cd2e010                 Options.write_dbid_to_manifest: 0
2022/10/23-22:51:02.847610 7f9cd2e010                 Options.log_readahead_size: 0
2022/10/23-22:51:02.847612 7f9cd2e010                 Options.file_checksum_gen_factory: Unknown
2022/10/23-22:51:02.847614 7f9cd2e010                 Options.best_efforts_recovery: 0
2022/10/23-22:51:02.847616 7f9cd2e010                Options.max_bgerror_resume_count: 2147483647
2022/10/23-22:51:02.847618 7f9cd2e010            Options.bgerror_resume_retry_interval: 1000000
2022/10/23-22:51:02.847621 7f9cd2e010             Options.allow_data_in_errors: 0
2022/10/23-22:51:02.847622 7f9cd2e010             Options.db_host_id: __hostname__
2022/10/23-22:51:02.847625 7f9cd2e010             Options.max_background_jobs: 2
2022/10/23-22:51:02.847627 7f9cd2e010             Options.max_background_compactions: -1
2022/10/23-22:51:02.847629 7f9cd2e010             Options.max_subcompactions: 1
2022/10/23-22:51:02.847631 7f9cd2e010             Options.avoid_flush_during_shutdown: 0
2022/10/23-22:51:02.847633 7f9cd2e010           Options.writable_file_max_buffer_size: 1048576
2022/10/23-22:51:02.847635 7f9cd2e010             Options.delayed_write_rate : 16777216
2022/10/23-22:51:02.847637 7f9cd2e010             Options.max_total_wal_size: 0
2022/10/23-22:51:02.847639 7f9cd2e010             Options.delete_obsolete_files_period_micros: 21600000000
2022/10/23-22:51:02.847641 7f9cd2e010                   Options.stats_dump_period_sec: 600
2022/10/23-22:51:02.847643 7f9cd2e010                 Options.stats_persist_period_sec: 600
2022/10/23-22:51:02.847646 7f9cd2e010                 Options.stats_history_buffer_size: 1048576
2022/10/23-22:51:02.847648 7f9cd2e010                          Options.max_open_files: -1
2022/10/23-22:51:02.847654 7f9cd2e010                          Options.bytes_per_sync: 0
2022/10/23-22:51:02.847681 7f9cd2e010                      Options.wal_bytes_per_sync: 0
2022/10/23-22:51:02.847695 7f9cd2e010                   Options.strict_bytes_per_sync: 0
2022/10/23-22:51:02.847697 7f9cd2e010       Options.compaction_readahead_size: 0
2022/10/23-22:51:02.847702 7f9cd2e010                  Options.max_background_flushes: -1
2022/10/23-22:51:02.847706 7f9cd2e010 Compression algorithms supported:
2022/10/23-22:51:02.847710 7f9cd2e010 	kZSTDNotFinalCompression supported: 0
2022/10/23-22:51:02.847755 7f9cd2e010 	kZSTD supported: 0
2022/10/23-22:51:02.847761 7f9cd2e010 	kXpressCompression supported: 0
2022/10/23-22:51:02.847764 7f9cd2e010 	kLZ4HCCompression supported: 0
2022/10/23-22:51:02.847768 7f9cd2e010 	kLZ4Compression supported: 0
2022/10/23-22:51:02.847771 7f9cd2e010 	kBZip2Compression supported: 1
2022/10/23-22:51:02.847774 7f9cd2e010 	kZlibCompression supported: 0
2022/10/23-22:51:02.847777 7f9cd2e010 	kSnappyCompression supported: 0
2022/10/23-22:51:02.847786 7f9cd2e010 Fast CRC32 supported: Not supported on x86
2022/10/23-22:51:02.848123 7f9cd2e010 [db/version_set.cc:4627] Recovering from manifest file: /cube/conf/.cubestore/data/metastore/MANIFEST-000004
2022/10/23-22:51:02.848581 7f9cd2e010 [db/column_family.cc:598] --------------- Options for column family [default]:
2022/10/23-22:51:02.848592 7f9cd2e010               Options.comparator: leveldb.BytewiseComparator
2022/10/23-22:51:02.848595 7f9cd2e010           Options.merge_operator: meta_store merge
2022/10/23-22:51:02.848598 7f9cd2e010        Options.compaction_filter: None
2022/10/23-22:51:02.848601 7f9cd2e010        Options.compaction_filter_factory: None
2022/10/23-22:51:02.848603 7f9cd2e010  Options.sst_partitioner_factory: None
2022/10/23-22:51:02.848606 7f9cd2e010         Options.memtable_factory: SkipListFactory
2022/10/23-22:51:02.848608 7f9cd2e010            Options.table_factory: BlockBasedTable
2022/10/23-22:51:02.848693 7f9cd2e010            table_factory options:   flush_block_policy_factory: FlushBlockBySizePolicyFactory (0x5574c86d60)
  cache_index_and_filter_blocks: 0
  cache_index_and_filter_blocks_with_high_priority: 1
  pin_l0_filter_and_index_blocks_in_cache: 0
  pin_top_level_index_and_filter: 1
  index_type: 0
  data_block_index_type: 0
  index_shortening: 1
  data_block_hash_table_util_ratio: 0.750000
  hash_index_allow_collision: 1
  checksum: 1
  no_block_cache: 0
  block_cache: 0x5574c88ec0
  block_cache_name: LRUCache
  block_cache_options:
    capacity : 8388608
    num_shard_bits : 4
    strict_capacity_limit : 0
    memory_allocator : None
    high_pri_pool_ratio: 0.000
  block_cache_compressed: (nil)
  persistent_cache: (nil)
  block_size: 4096
  block_size_deviation: 10
  block_restart_interval: 16
  index_block_restart_interval: 1
  metadata_block_size: 4096
  partition_filters: 0
  use_delta_encoding: 1
  filter_policy: nullptr
  whole_key_filtering: 1
  verify_compression: 0
  read_amp_bytes_per_bit: 0
  format_version: 5
  enable_index_compression: 1
  block_align: 0
2022/10/23-22:51:02.848723 7f9cd2e010        Options.write_buffer_size: 67108864
2022/10/23-22:51:02.848726 7f9cd2e010  Options.max_write_buffer_number: 2
2022/10/23-22:51:02.848730 7f9cd2e010          Options.compression: NoCompression
2022/10/23-22:51:02.848732 7f9cd2e010                  Options.bottommost_compression: Disabled
2022/10/23-22:51:02.848735 7f9cd2e010       Options.prefix_extractor: rocksdb.FixedPrefix.13
2022/10/23-22:51:02.848738 7f9cd2e010   Options.memtable_insert_with_hint_prefix_extractor: nullptr
2022/10/23-22:51:02.848740 7f9cd2e010             Options.num_levels: 7
2022/10/23-22:51:02.848742 7f9cd2e010        Options.min_write_buffer_number_to_merge: 1
2022/10/23-22:51:02.848744 7f9cd2e010     Options.max_write_buffer_number_to_maintain: 0
2022/10/23-22:51:02.848746 7f9cd2e010     Options.max_write_buffer_size_to_maintain: 0
2022/10/23-22:51:02.848749 7f9cd2e010            Options.bottommost_compression_opts.window_bits: -14
2022/10/23-22:51:02.848751 7f9cd2e010                  Options.bottommost_compression_opts.level: 32767
2022/10/23-22:51:02.848753 7f9cd2e010               Options.bottommost_compression_opts.strategy: 0
2022/10/23-22:51:02.848756 7f9cd2e010         Options.bottommost_compression_opts.max_dict_bytes: 0
2022/10/23-22:51:02.848758 7f9cd2e010         Options.bottommost_compression_opts.zstd_max_train_bytes: 0
2022/10/23-22:51:02.848760 7f9cd2e010         Options.bottommost_compression_opts.parallel_threads: 1
2022/10/23-22:51:02.848762 7f9cd2e010                  Options.bottommost_compression_opts.enabled: false
2022/10/23-22:51:02.848837 7f9cd2e010         Options.bottommost_compression_opts.max_dict_buffer_bytes: 0
2022/10/23-22:51:02.848840 7f9cd2e010            Options.compression_opts.window_bits: -14
2022/10/23-22:51:02.848843 7f9cd2e010                  Options.compression_opts.level: 32767
2022/10/23-22:51:02.848845 7f9cd2e010               Options.compression_opts.strategy: 0
2022/10/23-22:51:02.848847 7f9cd2e010         Options.compression_opts.max_dict_bytes: 0
2022/10/23-22:51:02.848849 7f9cd2e010         Options.compression_opts.zstd_max_train_bytes: 0
2022/10/23-22:51:02.848851 7f9cd2e010         Options.compression_opts.parallel_threads: 1
2022/10/23-22:51:02.848853 7f9cd2e010                  Options.compression_opts.enabled: false
2022/10/23-22:51:02.848854 7f9cd2e010         Options.compression_opts.max_dict_buffer_bytes: 0
2022/10/23-22:51:02.848857 7f9cd2e010      Options.level0_file_num_compaction_trigger: 4
2022/10/23-22:51:02.848859 7f9cd2e010          Options.level0_slowdown_writes_trigger: 20
2022/10/23-22:51:02.848861 7f9cd2e010              Options.level0_stop_writes_trigger: 36
2022/10/23-22:51:02.848863 7f9cd2e010                   Options.target_file_size_base: 67108864
2022/10/23-22:51:02.848865 7f9cd2e010             Options.target_file_size_multiplier: 1
2022/10/23-22:51:02.848867 7f9cd2e010                Options.max_bytes_for_level_base: 268435456
2022/10/23-22:51:02.848869 7f9cd2e010 Options.level_compaction_dynamic_level_bytes: 0
2022/10/23-22:51:02.848871 7f9cd2e010          Options.max_bytes_for_level_multiplier: 10.000000
2022/10/23-22:51:02.848877 7f9cd2e010 Options.max_bytes_for_level_multiplier_addtl[0]: 1
2022/10/23-22:51:02.848879 7f9cd2e010 Options.max_bytes_for_level_multiplier_addtl[1]: 1
2022/10/23-22:51:02.848881 7f9cd2e010 Options.max_bytes_for_level_multiplier_addtl[2]: 1
2022/10/23-22:51:02.848883 7f9cd2e010 Options.max_bytes_for_level_multiplier_addtl[3]: 1
2022/10/23-22:51:02.848885 7f9cd2e010 Options.max_bytes_for_level_multiplier_addtl[4]: 1
2022/10/23-22:51:02.848887 7f9cd2e010 Options.max_bytes_for_level_multiplier_addtl[5]: 1
2022/10/23-22:51:02.848889 7f9cd2e010 Options.max_bytes_for_level_multiplier_addtl[6]: 1
2022/10/23-22:51:02.848891 7f9cd2e010       Options.max_sequential_skip_in_iterations: 8
2022/10/23-22:51:02.848893 7f9cd2e010                    Options.max_compaction_bytes: 1677721600
2022/10/23-22:51:02.848896 7f9cd2e010                        Options.arena_block_size: 8388608
2022/10/23-22:51:02.848898 7f9cd2e010   Options.soft_pending_compaction_bytes_limit: 68719476736
2022/10/23-22:51:02.848900 7f9cd2e010   Options.hard_pending_compaction_bytes_limit: 274877906944
2022/10/23-22:51:02.848902 7f9cd2e010       Options.rate_limit_delay_max_milliseconds: 100
2022/10/23-22:51:02.848904 7f9cd2e010                Options.disable_auto_compactions: 0
2022/10/23-22:51:02.848908 7f9cd2e010                        Options.compaction_style: kCompactionStyleLevel
2022/10/23-22:51:02.848912 7f9cd2e010                          Options.compaction_pri: kMinOverlappingRatio
2022/10/23-22:51:02.848914 7f9cd2e010 Options.compaction_options_universal.size_ratio: 1
2022/10/23-22:51:02.848916 7f9cd2e010 Options.compaction_options_universal.min_merge_width: 2
2022/10/23-22:51:02.848918 7f9cd2e010 Options.compaction_options_universal.max_merge_width: 4294967295
2022/10/23-22:51:02.848920 7f9cd2e010 Options.compaction_options_universal.max_size_amplification_percent: 200
2022/10/23-22:51:02.848922 7f9cd2e010 Options.compaction_options_universal.compression_size_percent: -1
2022/10/23-22:51:02.848925 7f9cd2e010 Options.compaction_options_universal.stop_style: kCompactionStopStyleTotalSize
2022/10/23-22:51:02.848927 7f9cd2e010 Options.compaction_options_fifo.max_table_files_size: 1073741824
2022/10/23-22:51:02.848929 7f9cd2e010 Options.compaction_options_fifo.allow_compaction: 0
2022/10/23-22:51:02.848943 7f9cd2e010                   Options.table_properties_collectors: 
2022/10/23-22:51:02.848945 7f9cd2e010                   Options.inplace_update_support: 0
2022/10/23-22:51:02.848975 7f9cd2e010                 Options.inplace_update_num_locks: 10000
2022/10/23-22:51:02.848978 7f9cd2e010               Options.memtable_prefix_bloom_size_ratio: 0.000000
2022/10/23-22:51:02.848981 7f9cd2e010               Options.memtable_whole_key_filtering: 0
2022/10/23-22:51:02.848983 7f9cd2e010   Options.memtable_huge_page_size: 0
2022/10/23-22:51:02.848985 7f9cd2e010                           Options.bloom_locality: 0
2022/10/23-22:51:02.848987 7f9cd2e010                    Options.max_successive_merges: 0
2022/10/23-22:51:02.848989 7f9cd2e010                Options.optimize_filters_for_hits: 0
2022/10/23-22:51:02.848991 7f9cd2e010                Options.paranoid_file_checks: 0
2022/10/23-22:51:02.848993 7f9cd2e010                Options.force_consistency_checks: 1
2022/10/23-22:51:02.848995 7f9cd2e010                Options.report_bg_io_stats: 0
2022/10/23-22:51:02.848997 7f9cd2e010                               Options.ttl: 2592000
2022/10/23-22:51:02.848999 7f9cd2e010          Options.periodic_compaction_seconds: 0
2022/10/23-22:51:02.849001 7f9cd2e010                    Options.enable_blob_files: false
2022/10/23-22:51:02.849003 7f9cd2e010                        Options.min_blob_size: 0
2022/10/23-22:51:02.849005 7f9cd2e010                       Options.blob_file_size: 268435456
2022/10/23-22:51:02.849007 7f9cd2e010                Options.blob_compression_type: NoCompression
2022/10/23-22:51:02.849009 7f9cd2e010       Options.enable_blob_garbage_collection: false
2022/10/23-22:51:02.849011 7f9cd2e010   Options.blob_garbage_collection_age_cutoff: 0.250000
2022/10/23-22:51:02.853121 7f9cd2e010 [db/version_set.cc:4675] Recovered from manifest file:/cube/conf/.cubestore/data/metastore/MANIFEST-000004 succeeded,manifest_file_number is 4, next_file_number is 6, last_sequence is 0, log_number is 0,prev_log_number is 0,max_column_family is 0,min_log_number_to_keep is 0
2022/10/23-22:51:02.853147 7f9cd2e010 [db/version_set.cc:4684] Column family [default] (ID 0), log number is 0
2022/10/23-22:51:02.853491 7f9cd2e010 [db/version_set.cc:4119] Creating manifest 8
2022/10/23-22:51:02.875766 7f9cd2e010 EVENT_LOG_v1 {"time_micros": 1666565462875747, "job": 1, "event": "recovery_started", "wal_files": [5]}
2022/10/23-22:51:02.875791 7f9cd2e010 [db/db_impl/db_impl_open.cc:856] Recovering log #5 mode 2
2022/10/23-22:51:02.881450 7f9cd2e010 EVENT_LOG_v1 {"time_micros": 1666565462881381, "cf_name": "default", "job": 1, "event": "table_file_creation", "file_number": 9, "file_size": 1496, "file_checksum": "", "file_checksum_func_name": "Unknown", "table_properties": {"data_size": 573, "index_size": 23, "index_partitions": 0, "top_level_index_size": 0, "index_key_is_user_key": 1, "index_value_is_delta_encoded": 1, "filter_size": 0, "raw_key_size": 234, "raw_average_key_size": 13, "raw_value_size": 324, "raw_average_value_size": 18, "num_data_blocks": 1, "num_entries": 18, "num_deletions": 0, "num_merge_operands": 0, "num_range_deletions": 0, "format_version": 0, "fixed_key_len": 0, "filter_policy": "", "column_family_name": "default", "column_family_id": 0, "comparator": "leveldb.BytewiseComparator", "merge_operator": "meta_store merge", "prefix_extractor_name": "rocksdb.FixedPrefix.13", "property_collectors": "[]", "compression": "NoCompression", "compression_options": "window_bits=-14; level=32767; strategy=0; max_dict_bytes=0; zstd_max_train_bytes=0; enabled=0; max_dict_buffer_bytes=0; ", "creation_time": 1666565462, "oldest_key_time": 0, "file_creation_time": 0, "slow_compression_estimated_data_size": 0, "fast_compression_estimated_data_size": 0, "db_id": "16754683-7073-440e-8a08-6b353680e8ed", "db_session_id": "NUABZZB1WARCXIJH0DHI"}}
2022/10/23-22:51:02.881613 7f9cd2e010 [db/version_set.cc:4119] Creating manifest 10
2022/10/23-22:51:02.899025 7f9cd2e010 EVENT_LOG_v1 {"time_micros": 1666565462899017, "job": 1, "event": "recovery_finished"}
2022/10/23-22:51:02.899862 7f9cd2e010 [file/delete_scheduler.cc:77] Deleted file /cube/conf/.cubestore/data/metastore/000005.log immediately, rate_bytes_per_sec 0, total_trash_size 0 max_trash_db_ratio 0.250000
2022/10/23-22:51:02.914331 7f9cd2e010 [db/db_impl/db_impl_open.cc:1757] SstFileManager instance 0x5574c8ae60
2022/10/23-22:51:02.914431 7f9cd2e010 DB pointer 0x5574c8d210
2022/10/23-22:51:02.916215 7f667fb960 [db/db_impl/db_impl.cc:932] ------- DUMPING STATS -------
2022/10/23-22:51:02.916280 7f667fb960 [db/db_impl/db_impl.cc:933] 
** DB Stats **
Uptime(secs): 0.1 total, 0.1 interval
Cumulative writes: 0 writes, 0 keys, 0 commit groups, 0.0 writes per commit group, ingest: 0.00 GB, 0.00 MB/s
Cumulative WAL: 0 writes, 0 syncs, 0.00 writes per sync, written: 0.00 GB, 0.00 MB/s
Cumulative stall: 00:00:0.000 H:M:S, 0.0 percent
Interval writes: 0 writes, 0 keys, 0 commit groups, 0.0 writes per commit group, ingest: 0.00 MB, 0.00 MB/s
Interval WAL: 0 writes, 0 syncs, 0.00 writes per sync, written: 0.00 MB, 0.00 MB/s
Interval stall: 00:00:0.000 H:M:S, 0.0 percent

** Compaction Stats [default] **
Level    Files   Size     Score Read(GB)  Rn(GB) Rnp1(GB) Write(GB) Wnew(GB) Moved(GB) W-Amp Rd(MB/s) Wr(MB/s) Comp(sec) CompMergeCPU(sec) Comp(cnt) Avg(sec) KeyIn KeyDrop Rblob(GB) Wblob(GB)
------------------------------------------------------------------------------------------------------------------------------------------------------------------------------------------------
  L0      1/0    1.46 KB   0.2      0.0     0.0      0.0       0.0      0.0       0.0   1.0      0.0      0.3      0.01              0.00         1    0.005       0      0       0.0       0.0
 Sum      1/0    1.46 KB   0.0      0.0     0.0      0.0       0.0      0.0       0.0   1.0      0.0      0.3      0.01              0.00         1    0.005       0      0       0.0       0.0
 Int      0/0    0.00 KB   0.0      0.0     0.0      0.0       0.0      0.0       0.0   1.0      0.0      0.3      0.01              0.00         1    0.005       0      0       0.0       0.0

** Compaction Stats [default] **
Priority    Files   Size     Score Read(GB)  Rn(GB) Rnp1(GB) Write(GB) Wnew(GB) Moved(GB) W-Amp Rd(MB/s) Wr(MB/s) Comp(sec) CompMergeCPU(sec) Comp(cnt) Avg(sec) KeyIn KeyDrop Rblob(GB) Wblob(GB)
---------------------------------------------------------------------------------------------------------------------------------------------------------------------------------------------------
User      0/0    0.00 KB   0.0      0.0     0.0      0.0       0.0      0.0       0.0   0.0      0.0      0.3      0.01              0.00         1    0.005       0      0       0.0       0.0

Blob file count: 0, total size: 0.0 GB

Uptime(secs): 0.1 total, 0.1 interval
Flush(GB): cumulative 0.000, interval 0.000
AddFile(GB): cumulative 0.000, interval 0.000
AddFile(Total Files): cumulative 0, interval 0
AddFile(L0 Files): cumulative 0, interval 0
AddFile(Keys): cumulative 0, interval 0
Cumulative compaction: 0.00 GB write, 0.02 MB/s write, 0.00 GB read, 0.00 MB/s read, 0.0 seconds
Interval compaction: 0.00 GB write, 0.02 MB/s write, 0.00 GB read, 0.00 MB/s read, 0.0 seconds
Stalls(count): 0 level0_slowdown, 0 level0_slowdown_with_compaction, 0 level0_numfiles, 0 level0_numfiles_with_compaction, 0 stop for pending_compaction_bytes, 0 slowdown for pending_compaction_bytes, 0 memtable_compaction, 0 memtable_slowdown, interval 0 total count

** File Read Latency Histogram By Level [default] **

** Compaction Stats [default] **
Level    Files   Size     Score Read(GB)  Rn(GB) Rnp1(GB) Write(GB) Wnew(GB) Moved(GB) W-Amp Rd(MB/s) Wr(MB/s) Comp(sec) CompMergeCPU(sec) Comp(cnt) Avg(sec) KeyIn KeyDrop Rblob(GB) Wblob(GB)
------------------------------------------------------------------------------------------------------------------------------------------------------------------------------------------------
  L0      1/0    1.46 KB   0.2      0.0     0.0      0.0       0.0      0.0       0.0   1.0      0.0      0.3      0.01              0.00         1    0.005       0      0       0.0       0.0
 Sum      1/0    1.46 KB   0.0      0.0     0.0      0.0       0.0      0.0       0.0   1.0      0.0      0.3      0.01              0.00         1    0.005       0      0       0.0       0.0
 Int      0/0    0.00 KB   0.0      0.0     0.0      0.0       0.0      0.0       0.0   0.0      0.0      0.0      0.00              0.00         0    0.000       0      0       0.0       0.0

** Compaction Stats [default] **
Priority    Files   Size     Score Read(GB)  Rn(GB) Rnp1(GB) Write(GB) Wnew(GB) Moved(GB) W-Amp Rd(MB/s) Wr(MB/s) Comp(sec) CompMergeCPU(sec) Comp(cnt) Avg(sec) KeyIn KeyDrop Rblob(GB) Wblob(GB)
---------------------------------------------------------------------------------------------------------------------------------------------------------------------------------------------------
User      0/0    0.00 KB   0.0      0.0     0.0      0.0       0.0      0.0       0.0   0.0      0.0      0.3      0.01              0.00         1    0.005       0      0       0.0       0.0

Blob file count: 0, total size: 0.0 GB

Uptime(secs): 0.1 total, 0.0 interval
Flush(GB): cumulative 0.000, interval 0.000
AddFile(GB): cumulative 0.000, interval 0.000
AddFile(Total Files): cumulative 0, interval 0
AddFile(L0 Files): cumulative 0, interval 0
AddFile(Keys): cumulative 0, interval 0
Cumulative compaction: 0.00 GB write, 0.02 MB/s write, 0.00 GB read, 0.00 MB/s read, 0.0 seconds
Interval compaction: 0.00 GB write, 0.00 MB/s write, 0.00 GB read, 0.00 MB/s read, 0.0 seconds
Stalls(count): 0 level0_slowdown, 0 level0_slowdown_with_compaction, 0 level0_numfiles, 0 level0_numfiles_with_compaction, 0 stop for pending_compaction_bytes, 0 slowdown for pending_compaction_bytes, 0 memtable_compaction, 0 memtable_slowdown, interval 0 total count

** File Read Latency Histogram By Level [default] **
2022/10/23-23:01:02.916995 7f667fb960 [db/db_impl/db_impl.cc:932] ------- DUMPING STATS -------
2022/10/23-23:01:02.917152 7f667fb960 [db/db_impl/db_impl.cc:933] 
** DB Stats **
Uptime(secs): 600.1 total, 600.0 interval
Cumulative writes: 476 writes, 0 keys, 476 commit groups, 1.0 writes per commit group, ingest: 0.00 GB, 0.00 MB/s
Cumulative WAL: 476 writes, 0 syncs, 476.00 writes per sync, written: 0.00 GB, 0.00 MB/s
Cumulative stall: 00:00:0.000 H:M:S, 0.0 percent
Interval writes: 476 writes, 0 keys, 476 commit groups, 1.0 writes per commit group, ingest: 0.01 MB, 0.00 MB/s
Interval WAL: 476 writes, 0 syncs, 476.00 writes per sync, written: 0.00 MB, 0.00 MB/s
Interval stall: 00:00:0.000 H:M:S, 0.0 percent

** Compaction Stats [default] **
Level    Files   Size     Score Read(GB)  Rn(GB) Rnp1(GB) Write(GB) Wnew(GB) Moved(GB) W-Amp Rd(MB/s) Wr(MB/s) Comp(sec) CompMergeCPU(sec) Comp(cnt) Avg(sec) KeyIn KeyDrop Rblob(GB) Wblob(GB)
------------------------------------------------------------------------------------------------------------------------------------------------------------------------------------------------
  L0      1/0    1.46 KB   0.2      0.0     0.0      0.0       0.0      0.0       0.0   1.0      0.0      0.3      0.01              0.00         1    0.005       0      0       0.0       0.0
 Sum      1/0    1.46 KB   0.0      0.0     0.0      0.0       0.0      0.0       0.0   1.0      0.0      0.3      0.01              0.00         1    0.005       0      0       0.0       0.0
 Int      0/0    0.00 KB   0.0      0.0     0.0      0.0       0.0      0.0       0.0   0.0      0.0      0.0      0.00              0.00         0    0.000       0      0       0.0       0.0

** Compaction Stats [default] **
Priority    Files   Size     Score Read(GB)  Rn(GB) Rnp1(GB) Write(GB) Wnew(GB) Moved(GB) W-Amp Rd(MB/s) Wr(MB/s) Comp(sec) CompMergeCPU(sec) Comp(cnt) Avg(sec) KeyIn KeyDrop Rblob(GB) Wblob(GB)
---------------------------------------------------------------------------------------------------------------------------------------------------------------------------------------------------
User      0/0    0.00 KB   0.0      0.0     0.0      0.0       0.0      0.0       0.0   0.0      0.0      0.3      0.01              0.00         1    0.005       0      0       0.0       0.0

Blob file count: 0, total size: 0.0 GB

Uptime(secs): 600.1 total, 600.0 interval
Flush(GB): cumulative 0.000, interval 0.000
AddFile(GB): cumulative 0.000, interval 0.000
AddFile(Total Files): cumulative 0, interval 0
AddFile(L0 Files): cumulative 0, interval 0
AddFile(Keys): cumulative 0, interval 0
Cumulative compaction: 0.00 GB write, 0.00 MB/s write, 0.00 GB read, 0.00 MB/s read, 0.0 seconds
Interval compaction: 0.00 GB write, 0.00 MB/s write, 0.00 GB read, 0.00 MB/s read, 0.0 seconds
Stalls(count): 0 level0_slowdown, 0 level0_slowdown_with_compaction, 0 level0_numfiles, 0 level0_numfiles_with_compaction, 0 stop for pending_compaction_bytes, 0 slowdown for pending_compaction_bytes, 0 memtable_compaction, 0 memtable_slowdown, interval 0 total count

** File Read Latency Histogram By Level [default] **

** Compaction Stats [default] **
Level    Files   Size     Score Read(GB)  Rn(GB) Rnp1(GB) Write(GB) Wnew(GB) Moved(GB) W-Amp Rd(MB/s) Wr(MB/s) Comp(sec) CompMergeCPU(sec) Comp(cnt) Avg(sec) KeyIn KeyDrop Rblob(GB) Wblob(GB)
------------------------------------------------------------------------------------------------------------------------------------------------------------------------------------------------
  L0      1/0    1.46 KB   0.2      0.0     0.0      0.0       0.0      0.0       0.0   1.0      0.0      0.3      0.01              0.00         1    0.005       0      0       0.0       0.0
 Sum      1/0    1.46 KB   0.0      0.0     0.0      0.0       0.0      0.0       0.0   1.0      0.0      0.3      0.01              0.00         1    0.005       0      0       0.0       0.0
 Int      0/0    0.00 KB   0.0      0.0     0.0      0.0       0.0      0.0       0.0   0.0      0.0      0.0      0.00              0.00         0    0.000       0      0       0.0       0.0

** Compaction Stats [default] **
Priority    Files   Size     Score Read(GB)  Rn(GB) Rnp1(GB) Write(GB) Wnew(GB) Moved(GB) W-Amp Rd(MB/s) Wr(MB/s) Comp(sec) CompMergeCPU(sec) Comp(cnt) Avg(sec) KeyIn KeyDrop Rblob(GB) Wblob(GB)
---------------------------------------------------------------------------------------------------------------------------------------------------------------------------------------------------
User      0/0    0.00 KB   0.0      0.0     0.0      0.0       0.0      0.0       0.0   0.0      0.0      0.3      0.01              0.00         1    0.005       0      0       0.0       0.0

Blob file count: 0, total size: 0.0 GB

Uptime(secs): 600.1 total, 0.0 interval
Flush(GB): cumulative 0.000, interval 0.000
AddFile(GB): cumulative 0.000, interval 0.000
AddFile(Total Files): cumulative 0, interval 0
AddFile(L0 Files): cumulative 0, interval 0
AddFile(Keys): cumulative 0, interval 0
Cumulative compaction: 0.00 GB write, 0.00 MB/s write, 0.00 GB read, 0.00 MB/s read, 0.0 seconds
Interval compaction: 0.00 GB write, 0.00 MB/s write, 0.00 GB read, 0.00 MB/s read, 0.0 seconds
Stalls(count): 0 level0_slowdown, 0 level0_slowdown_with_compaction, 0 level0_numfiles, 0 level0_numfiles_with_compaction, 0 stop for pending_compaction_bytes, 0 slowdown for pending_compaction_bytes, 0 memtable_compaction, 0 memtable_slowdown, interval 0 total count

** File Read Latency Histogram By Level [default] **
2022/10/23-23:11:02.917961 7f667fb960 [db/db_impl/db_impl.cc:932] ------- DUMPING STATS -------
2022/10/23-23:11:02.918229 7f667fb960 [db/db_impl/db_impl.cc:933] 
** DB Stats **
Uptime(secs): 1200.1 total, 600.0 interval
Cumulative writes: 956 writes, 0 keys, 956 commit groups, 1.0 writes per commit group, ingest: 0.00 GB, 0.00 MB/s
Cumulative WAL: 956 writes, 0 syncs, 956.00 writes per sync, written: 0.00 GB, 0.00 MB/s
Cumulative stall: 00:00:0.000 H:M:S, 0.0 percent
Interval writes: 480 writes, 0 keys, 480 commit groups, 1.0 writes per commit group, ingest: 0.01 MB, 0.00 MB/s
Interval WAL: 480 writes, 0 syncs, 480.00 writes per sync, written: 0.00 MB, 0.00 MB/s
Interval stall: 00:00:0.000 H:M:S, 0.0 percent

** Compaction Stats [default] **
Level    Files   Size     Score Read(GB)  Rn(GB) Rnp1(GB) Write(GB) Wnew(GB) Moved(GB) W-Amp Rd(MB/s) Wr(MB/s) Comp(sec) CompMergeCPU(sec) Comp(cnt) Avg(sec) KeyIn KeyDrop Rblob(GB) Wblob(GB)
------------------------------------------------------------------------------------------------------------------------------------------------------------------------------------------------
  L0      1/0    1.46 KB   0.2      0.0     0.0      0.0       0.0      0.0       0.0   1.0      0.0      0.3      0.01              0.00         1    0.005       0      0       0.0       0.0
 Sum      1/0    1.46 KB   0.0      0.0     0.0      0.0       0.0      0.0       0.0   1.0      0.0      0.3      0.01              0.00         1    0.005       0      0       0.0       0.0
 Int      0/0    0.00 KB   0.0      0.0     0.0      0.0       0.0      0.0       0.0   0.0      0.0      0.0      0.00              0.00         0    0.000       0      0       0.0       0.0

** Compaction Stats [default] **
Priority    Files   Size     Score Read(GB)  Rn(GB) Rnp1(GB) Write(GB) Wnew(GB) Moved(GB) W-Amp Rd(MB/s) Wr(MB/s) Comp(sec) CompMergeCPU(sec) Comp(cnt) Avg(sec) KeyIn KeyDrop Rblob(GB) Wblob(GB)
---------------------------------------------------------------------------------------------------------------------------------------------------------------------------------------------------
User      0/0    0.00 KB   0.0      0.0     0.0      0.0       0.0      0.0       0.0   0.0      0.0      0.3      0.01              0.00         1    0.005       0      0       0.0       0.0

Blob file count: 0, total size: 0.0 GB

Uptime(secs): 1200.1 total, 600.0 interval
Flush(GB): cumulative 0.000, interval 0.000
AddFile(GB): cumulative 0.000, interval 0.000
AddFile(Total Files): cumulative 0, interval 0
AddFile(L0 Files): cumulative 0, interval 0
AddFile(Keys): cumulative 0, interval 0
Cumulative compaction: 0.00 GB write, 0.00 MB/s write, 0.00 GB read, 0.00 MB/s read, 0.0 seconds
Interval compaction: 0.00 GB write, 0.00 MB/s write, 0.00 GB read, 0.00 MB/s read, 0.0 seconds
Stalls(count): 0 level0_slowdown, 0 level0_slowdown_with_compaction, 0 level0_numfiles, 0 level0_numfiles_with_compaction, 0 stop for pending_compaction_bytes, 0 slowdown for pending_compaction_bytes, 0 memtable_compaction, 0 memtable_slowdown, interval 0 total count

** File Read Latency Histogram By Level [default] **

** Compaction Stats [default] **
Level    Files   Size     Score Read(GB)  Rn(GB) Rnp1(GB) Write(GB) Wnew(GB) Moved(GB) W-Amp Rd(MB/s) Wr(MB/s) Comp(sec) CompMergeCPU(sec) Comp(cnt) Avg(sec) KeyIn KeyDrop Rblob(GB) Wblob(GB)
------------------------------------------------------------------------------------------------------------------------------------------------------------------------------------------------
  L0      1/0    1.46 KB   0.2      0.0     0.0      0.0       0.0      0.0       0.0   1.0      0.0      0.3      0.01              0.00         1    0.005       0      0       0.0       0.0
 Sum      1/0    1.46 KB   0.0      0.0     0.0      0.0       0.0      0.0       0.0   1.0      0.0      0.3      0.01              0.00         1    0.005       0      0       0.0       0.0
 Int      0/0    0.00 KB   0.0      0.0     0.0      0.0       0.0      0.0       0.0   0.0      0.0      0.0      0.00              0.00         0    0.000       0      0       0.0       0.0

** Compaction Stats [default] **
Priority    Files   Size     Score Read(GB)  Rn(GB) Rnp1(GB) Write(GB) Wnew(GB) Moved(GB) W-Amp Rd(MB/s) Wr(MB/s) Comp(sec) CompMergeCPU(sec) Comp(cnt) Avg(sec) KeyIn KeyDrop Rblob(GB) Wblob(GB)
---------------------------------------------------------------------------------------------------------------------------------------------------------------------------------------------------
User      0/0    0.00 KB   0.0      0.0     0.0      0.0       0.0      0.0       0.0   0.0      0.0      0.3      0.01              0.00         1    0.005       0      0       0.0       0.0

Blob file count: 0, total size: 0.0 GB

Uptime(secs): 1200.1 total, 0.0 interval
Flush(GB): cumulative 0.000, interval 0.000
AddFile(GB): cumulative 0.000, interval 0.000
AddFile(Total Files): cumulative 0, interval 0
AddFile(L0 Files): cumulative 0, interval 0
AddFile(Keys): cumulative 0, interval 0
Cumulative compaction: 0.00 GB write, 0.00 MB/s write, 0.00 GB read, 0.00 MB/s read, 0.0 seconds
Interval compaction: 0.00 GB write, 0.00 MB/s write, 0.00 GB read, 0.00 MB/s read, 0.0 seconds
Stalls(count): 0 level0_slowdown, 0 level0_slowdown_with_compaction, 0 level0_numfiles, 0 level0_numfiles_with_compaction, 0 stop for pending_compaction_bytes, 0 slowdown for pending_compaction_bytes, 0 memtable_compaction, 0 memtable_slowdown, interval 0 total count

** File Read Latency Histogram By Level [default] **
2022/10/23-23:21:02.918758 7f667fb960 [db/db_impl/db_impl.cc:932] ------- DUMPING STATS -------
2022/10/23-23:21:02.918897 7f667fb960 [db/db_impl/db_impl.cc:933] 
** DB Stats **
Uptime(secs): 1800.1 total, 600.0 interval
Cumulative writes: 1434 writes, 0 keys, 1434 commit groups, 1.0 writes per commit group, ingest: 0.00 GB, 0.00 MB/s
Cumulative WAL: 1434 writes, 0 syncs, 1434.00 writes per sync, written: 0.00 GB, 0.00 MB/s
Cumulative stall: 00:00:0.000 H:M:S, 0.0 percent
Interval writes: 478 writes, 0 keys, 478 commit groups, 1.0 writes per commit group, ingest: 0.01 MB, 0.00 MB/s
Interval WAL: 478 writes, 0 syncs, 478.00 writes per sync, written: 0.00 MB, 0.00 MB/s
Interval stall: 00:00:0.000 H:M:S, 0.0 percent

** Compaction Stats [default] **
Level    Files   Size     Score Read(GB)  Rn(GB) Rnp1(GB) Write(GB) Wnew(GB) Moved(GB) W-Amp Rd(MB/s) Wr(MB/s) Comp(sec) CompMergeCPU(sec) Comp(cnt) Avg(sec) KeyIn KeyDrop Rblob(GB) Wblob(GB)
------------------------------------------------------------------------------------------------------------------------------------------------------------------------------------------------
  L0      1/0    1.46 KB   0.2      0.0     0.0      0.0       0.0      0.0       0.0   1.0      0.0      0.3      0.01              0.00         1    0.005       0      0       0.0       0.0
 Sum      1/0    1.46 KB   0.0      0.0     0.0      0.0       0.0      0.0       0.0   1.0      0.0      0.3      0.01              0.00         1    0.005       0      0       0.0       0.0
 Int      0/0    0.00 KB   0.0      0.0     0.0      0.0       0.0      0.0       0.0   0.0      0.0      0.0      0.00              0.00         0    0.000       0      0       0.0       0.0

** Compaction Stats [default] **
Priority    Files   Size     Score Read(GB)  Rn(GB) Rnp1(GB) Write(GB) Wnew(GB) Moved(GB) W-Amp Rd(MB/s) Wr(MB/s) Comp(sec) CompMergeCPU(sec) Comp(cnt) Avg(sec) KeyIn KeyDrop Rblob(GB) Wblob(GB)
---------------------------------------------------------------------------------------------------------------------------------------------------------------------------------------------------
User      0/0    0.00 KB   0.0      0.0     0.0      0.0       0.0      0.0       0.0   0.0      0.0      0.3      0.01              0.00         1    0.005       0      0       0.0       0.0

Blob file count: 0, total size: 0.0 GB

Uptime(secs): 1800.1 total, 600.0 interval
Flush(GB): cumulative 0.000, interval 0.000
